29,1
29,3
10,271
10,111
10,227
10,113
10,143
10,71
9,5
9,2
9,3
8,13
8,8
21,3
21,2
21,1
21,0
20,3
20,2
20,1
19,3
19,2
19,1
12,3
12,2
12,1
11,29
11,28
11,27
11,26
11,25
11,24
11,23
11,22
11,21
11,20
11,19
11,18
11,17
11,16
11,15
11,14
11,13
11,12
11,11
11,10
11,9
11,8
11,7
11,6
11,5
11,4
11,3
11,2
11,1
10,312
10,311
10,306
10,302
10,293
10,289
10,286
10,283
10,274
10,273
10,267
10,263
10,259
10,257
10,255
10,248
10,247
10,245
10,242
10,239
10,236
10,226
10,224
10,221
10,218
10,216
10,213
10,191
10,190
10,189
10,178
10,175
10,173
10,172
10,170
18,1
10,167
18,3
10,166
14,1
10,160
14,3
10,158
13,1
10,108
13,3
10,88
10,84
10,28
10,1
10,14
